117605.0
117605.0
117595.0
117595.0
117595.0
117600.0
117600.0
117600.0
117605.0
117605.0
117605.0
117605.0
117625.0
117625.0
117625.0
117625.0
117620.0
117615.0
117615.0
117615.0
117610.0
117610.0
117610.0
117615.0
117615.0
117615.0
117565.0
117565.0
117565.0
117555.0
117555.0
117550.0
117550.0
117550.0
117550.0
117555.0
117555.0
117570.0
117570.0
117570.0
117570.0
117570.0
117575.0
117575.0
117575.0
117570.0
117560.0
117560.0
117560.0
117570.0
117570.0
117565.0
117565.0
117565.0
117565.0
117565.0
117555.0
117555.0
117555.0
117565.0
117565.0
117565.0
117555.0
117555.0
117555.0
117550.0
117550.0
117550.0
117550.0
117535.0
117535.0
117535.0
117550.0
117550.0
117550.0
117545.0
117545.0
117545.0
117545.0
117545.0
117545.0
117545.0
117545.0
117535.0
117535.0
117540.0
117540.0
117540.0
117540.0
117535.0
117535.0
117535.0
117535.0
117535.0
117540.0
117540.0
117535.0
117535.0
117520.0
117535.0
117535.0
117520.0
117520.0
117520.0
117520.0
117520.0
117520.0
117525.0
117525.0
117525.0
117490.0
117495.0
117495.0
117495.0
117495.0
117505.0
117505.0
117505.0
117490.0
117490.0
117520.0
117520.0
117520.0
117515.0
117515.0
117515.0
117505.0
117505.0
117505.0
117505.0
117510.0
117510.0
117510.0
117510.0
117510.0
117480.0
117480.0
117480.0
117480.0
117435.0
117435.0
117435.0
117280.0
117280.0
117280.0
117245.0
117245.0
117245.0
117270.0
117270.0
117270.0
117255.0
117255.0
117255.0
117235.0
117235.0
117235.0
117235.0
117255.0
117255.0
117250.0
117250.0
117250.0
117265.0
117265.0
117265.0
117250.0
117250.0
117250.0
117250.0
117245.0
117245.0
117255.0
117255.0
117255.0
117255.0
117270.0
117270.0
117270.0
117270.0
117285.0
117285.0
117285.0
117285.0
117275.0
117275.0
117275.0
117270.0
117270.0
117270.0
117270.0
117260.0
117260.0
117260.0
117265.0
117275.0
117275.0
117260.0
117260.0
117260.0
117260.0
117260.0
117260.0
117260.0
117260.0
117260.0
117260.0
117250.0
117250.0
117250.0
117260.0
117260.0
117260.0
117270.0
117270.0
117270.0
117270.0
117275.0
117275.0
117275.0
117260.0
117275.0
117265.0
117275.0
117275.0
117275.0
117275.0
117255.0
117255.0
117255.0
117255.0
117215.0
117215.0
117220.0
117220.0
117220.0
117210.0
117210.0
117210.0
117210.0
117210.0
117210.0
117210.0
117220.0
117220.0
117220.0
117220.0
117235.0
117235.0
117235.0
117220.0
117220.0
117220.0
117235.0
117235.0
117235.0
117235.0
117225.0
117225.0
117225.0
117225.0
117240.0
117240.0
117240.0
117230.0
117230.0
117230.0
117230.0
117230.0
117230.0
117255.0
117245.0
117245.0
117245.0
117245.0
117240.0
117240.0
117240.0
117230.0
117230.0
117230.0
117230.0
117215.0
117215.0
117215.0
117235.0
117235.0
117235.0
117260.0
117260.0
117260.0
117245.0
117245.0
117250.0
117250.0
117250.0
117250.0
117235.0
117235.0
117235.0
117235.0
117215.0
117215.0
117215.0
117190.0
117190.0
117190.0
117165.0
117165.0
117175.0
117175.0
117175.0
117170.0
117170.0
117170.0
117170.0
117165.0
117165.0
117165.0
117165.0
117165.0
117165.0
117165.0
117180.0
117180.0
117180.0
117190.0
117190.0
117190.0
117215.0
117215.0
117215.0
117185.0
117185.0
117185.0
117180.0
117180.0
117180.0
117145.0
117145.0
117145.0
117165.0
117165.0
117165.0
117155.0
117155.0
117155.0
117165.0
117165.0
117165.0
117150.0
117150.0
117150.0
117175.0
117175.0
117175.0
117175.0
117175.0
117175.0
117190.0
117190.0
117190.0
117190.0
117185.0
117185.0
117185.0
117185.0
117180.0
117185.0
117185.0
117185.0
117170.0
117170.0
117170.0
117195.0
117195.0
117195.0
117175.0
117175.0
117175.0
117175.0
117185.0
117185.0
117185.0
117185.0
117185.0
117175.0
117175.0
117175.0
117170.0
117170.0
117170.0
117160.0
117160.0
117160.0
117165.0
117165.0
117165.0
117170.0
117170.0
117190.0
117190.0
117190.0
117200.0
117200.0
117200.0
117200.0
117200.0
117200.0
117195.0
117195.0
117195.0
117195.0
117190.0
117190.0
117160.0
117160.0
117165.0
117165.0
117165.0
117165.0
117155.0
117155.0
117160.0
117160.0
117160.0
117155.0
117155.0
117135.0
117135.0
117150.0
117150.0
117150.0
117130.0
117130.0
117130.0
117140.0
117140.0
117140.0
117140.0
117140.0
117125.0
117125.0
117125.0
117135.0
117135.0
117135.0
117135.0
117135.0
117135.0
117135.0
117120.0
117120.0
117115.0
117115.0
117100.0
117100.0
117105.0
117105.0
117105.0
117105.0
117105.0
117105.0
117115.0
117115.0
117115.0
117130.0
117130.0
117130.0
117130.0
117130.0
117130.0
117140.0
117140.0
117140.0
117145.0
117145.0
117145.0
117145.0
117145.0
117170.0
117170.0
117170.0
117180.0
117145.0
117145.0
117130.0
117130.0
117130.0
117110.0
117110.0
117110.0
117115.0
117115.0
117110.0
117110.0
117110.0
117130.0
117130.0
117120.0
117120.0
117120.0
117100.0
117100.0
117100.0
117080.0
117080.0
117080.0
117115.0
117115.0
117115.0
117100.0
117100.0
117100.0
117100.0
117100.0
117100.0
117105.0
117105.0
117105.0
117090.0
117090.0
117090.0
117085.0
117085.0
117085.0
117095.0
117095.0
117080.0
117080.0
117080.0
117075.0
117075.0
117075.0
117075.0
117075.0
117075.0
117075.0
117075.0
117080.0
117080.0
117090.0
117090.0
117090.0
117075.0
117075.0
117075.0
117065.0
117065.0
117065.0
117065.0
117065.0
117060.0
117060.0
117060.0
117080.0
117080.0
117080.0
117090.0
117090.0
117090.0
117095.0
117095.0
117095.0
117095.0
117090.0
117090.0
117080.0
117080.0
117080.0
117080.0
117090.0
117090.0
117090.0
117105.0
117105.0
117105.0
117100.0
117100.0
117130.0
117130.0
117130.0
117130.0
117130.0
117155.0
117155.0
117145.0
117145.0
117145.0
117135.0
117135.0
117130.0
117130.0
117135.0
117135.0
117135.0
117135.0
117130.0
117130.0
117130.0
117105.0
117105.0
117105.0
117100.0
117100.0
117100.0
117105.0
117105.0
117105.0
117105.0
117120.0
117120.0
117120.0
117110.0
117110.0
117110.0
117105.0
117105.0
117090.0
117090.0
117090.0
117105.0
117105.0
117100.0
117100.0
117095.0
117095.0
117095.0
117095.0
117095.0
117095.0
117095.0
117105.0
117105.0
117105.0
117100.0
117100.0
117100.0
117105.0
117105.0
117105.0
117110.0
117110.0
117110.0
117115.0
117115.0
117115.0
117120.0
117120.0
117120.0
117115.0
117115.0
117095.0
117095.0
117090.0
117090.0
117090.0
117100.0
117100.0
117140.0
117140.0
117140.0
117150.0
117150.0
117150.0
117160.0
117160.0
117160.0
117215.0
117215.0
117215.0
117220.0
117220.0
117220.0
117190.0
117190.0
117190.0
117225.0
117225.0
117225.0
117235.0
117235.0
117240.0
117240.0
117240.0
117240.0
117240.0
117230.0
117230.0
117230.0
117235.0
117235.0
117235.0
117280.0
117280.0
117280.0
117265.0
117265.0
117265.0
117260.0
117260.0
117260.0
117270.0
117270.0
117270.0
117290.0
117290.0
117290.0
117295.0
117295.0
117295.0
117270.0
117270.0
117270.0
117265.0
117265.0
117265.0
117260.0
117260.0
117270.0
117270.0
117300.0
117300.0
117300.0
117290.0
117290.0
117290.0
117290.0
117295.0
117295.0
117295.0
117295.0
117295.0
117295.0
117295.0
117290.0
117290.0
117290.0
117300.0
117300.0
117300.0
117300.0
117295.0
117305.0
117300.0
117300.0
117300.0
117280.0
117280.0
117280.0
117280.0
117270.0
117270.0
117270.0
117275.0
117275.0
117275.0
117275.0
117275.0
117275.0
117315.0
117315.0
117315.0
117315.0
117310.0
117310.0
117310.0
117300.0
117300.0
117300.0
117310.0
117310.0
117310.0
117310.0
117310.0
117310.0
117310.0
117305.0
117305.0
117305.0
117280.0
117280.0
117280.0
117285.0
117285.0
117285.0
117290.0
117290.0
117290.0
117325.0
117325.0
117315.0
117315.0
117315.0
117315.0
117315.0
117315.0
117310.0
117310.0
117310.0
117310.0
117310.0
117310.0
117310.0
117315.0
117300.0
117300.0
117300.0
117300.0
117300.0
117300.0
117300.0
117300.0
117300.0
117300.0
117300.0
117320.0
117320.0
117320.0
117325.0
117325.0
117325.0
117305.0
117305.0
117305.0
117325.0
117325.0
117325.0
117360.0
117360.0
117360.0
117350.0
117350.0
117350.0
117350.0
117345.0
117345.0
117345.0
117345.0
117345.0
117345.0
117345.0
117345.0
117340.0
117340.0
117340.0
117340.0
117340.0
117350.0
117350.0
117350.0
117340.0
117340.0
117340.0
117355.0
117355.0
117355.0
117350.0
117350.0
117350.0
117350.0
117350.0
117350.0
117350.0
117350.0
117350.0
117350.0
117345.0
117345.0
117345.0
117350.0
117310.0
117310.0
117310.0
117330.0
117330.0
117330.0
117325.0
117325.0
117325.0
117325.0
117335.0
117335.0
117335.0
117290.0
117290.0
117290.0
117290.0
117310.0
117310.0
117310.0
117310.0
117310.0
117310.0
117320.0
117320.0
117320.0
117310.0
117310.0
117310.0
117335.0
117335.0
117335.0
117335.0
117310.0
117310.0
117310.0
117295.0
117295.0
117305.0
117305.0
117305.0
117305.0
117295.0
117295.0
117295.0
117285.0
117285.0
117290.0
117290.0
117290.0
117290.0
117290.0
117295.0
117295.0
117240.0
117240.0
117240.0
117240.0
117270.0
117270.0
117270.0
117295.0
117295.0
117295.0
117295.0
117295.0
117345.0
117325.0
117325.0
117325.0
117345.0
117345.0
117340.0
117340.0
117340.0
117315.0
117315.0
117300.0
117300.0
117300.0
117305.0
117305.0
117305.0
117305.0
117305.0
117305.0
117305.0
117310.0
117310.0
117310.0
117295.0
117295.0
117295.0
117300.0
117300.0
117300.0
117300.0
117325.0
117325.0
117325.0
117305.0
117305.0
117305.0
117305.0
117285.0
117285.0
117285.0
117285.0
117225.0
117225.0
117225.0
117225.0
117225.0
117225.0
117235.0
117235.0
117235.0
117245.0
117245.0
117245.0
117245.0
117245.0
117245.0
117245.0
117245.0
117255.0
117255.0
117255.0
117255.0
117255.0
117250.0
117250.0
117250.0
117250.0
117250.0
117250.0
117250.0
117225.0
117225.0
117225.0
117225.0
117235.0
117235.0
117235.0
117240.0
117240.0
117240.0
117240.0
117245.0
117245.0
117245.0
117250.0
117250.0
117250.0
117250.0
117255.0
117255.0
117255.0
117255.0
117265.0
117265.0
117265.0
117260.0
117260.0
117260.0
117260.0
117230.0
117230.0
117230.0
117230.0
117245.0
117245.0
117245.0
117240.0
117240.0
117240.0
117225.0
117225.0
117225.0
117220.0
117220.0
117220.0
117245.0
117245.0
117245.0
117230.0
117230.0
117230.0
117230.0
117225.0
117225.0
117225.0
117220.0
117220.0
117220.0
117215.0
117215.0
117215.0
117250.0
117250.0
117250.0
117250.0
117230.0
117230.0
117230.0
117230.0
117260.0
117260.0
117260.0
117265.0
117265.0
117265.0
117260.0
117260.0
117260.0
117260.0
117240.0
117240.0
117240.0
117240.0
117240.0
117240.0
117220.0
117220.0
117220.0
117225.0
117225.0
117220.0
117220.0
117220.0
117220.0
117195.0
117195.0
117195.0
117195.0
117160.0
117160.0
117160.0
117160.0
117160.0
117175.0
117175.0
117175.0
117175.0
117180.0
117180.0
117180.0
117190.0
117190.0
117190.0
117190.0
117180.0
117180.0
117180.0
117175.0
117175.0
117175.0
117170.0
117170.0
117165.0
117165.0
117165.0
117165.0
117090.0
117090.0
117090.0
117120.0
117120.0
117120.0
117120.0
117105.0
117105.0
117105.0
117090.0
117090.0
117090.0
117100.0
117100.0
117100.0
117100.0
117090.0
117090.0
117090.0
117090.0
117100.0
117100.0
117100.0
117100.0
117135.0
117135.0
117115.0
117115.0
117115.0
117115.0
117145.0
117145.0
117145.0
117145.0
117120.0
117120.0
117120.0
117095.0
117095.0
117095.0
117095.0
117095.0
117095.0
117095.0
117095.0
117115.0
117115.0
117115.0
117110.0
117110.0
117110.0
117110.0
117105.0
117105.0
117105.0
117105.0
117105.0
117105.0
117105.0
117110.0
117110.0
117110.0
117110.0
117100.0
117100.0
117100.0
117100.0
117100.0
117100.0
117100.0
117100.0
117105.0
117105.0
117105.0
117025.0
117025.0
117025.0
117025.0
117030.0
117030.0
117030.0
117020.0
117020.0
117020.0
117030.0
117030.0
117030.0
117030.0
117030.0
117030.0
117030.0
117030.0
117035.0
117035.0
117035.0
117035.0
117035.0
117035.0
117045.0
117045.0
117045.0
117045.0
117040.0
117040.0
117040.0
117040.0
117045.0
117045.0
117045.0
117045.0
117055.0
117055.0
117055.0
117055.0
117050.0
117050.0
117050.0
117045.0
117045.0
117045.0
117060.0
117060.0
117060.0
117060.0
117090.0
117090.0
117090.0
117090.0
117090.0
117090.0
117090.0
117090.0
117065.0
117065.0
117065.0
117045.0
117045.0
117045.0
117050.0
117050.0
117050.0
117050.0
117065.0
117065.0
117065.0
117065.0
117045.0
117045.0
117045.0
117000.0
117000.0
117000.0
116990.0
116990.0
116990.0
116990.0
116970.0
116970.0
116970.0
116970.0
116990.0
116990.0
116990.0
117005.0
117005.0
117005.0
117015.0
117015.0
117015.0
117015.0
117015.0
117015.0
117015.0
117005.0
117005.0
117005.0
117005.0
117035.0
117035.0
117035.0
117050.0
117050.0
117050.0
117085.0
117085.0
117130.0
117130.0
117130.0
117120.0
117120.0
117120.0
117120.0
117120.0
117120.0
117120.0
117120.0
117120.0
117120.0
117115.0
117115.0
117115.0
117115.0
117115.0
117115.0
117115.0
117110.0
117110.0
117110.0
117110.0
117110.0
117110.0
117100.0
117100.0
117100.0
117095.0
117095.0
117095.0
117110.0
117110.0
117110.0
117110.0
117140.0
117140.0
117140.0
117140.0
117140.0
117140.0
117140.0
117130.0
117130.0
117130.0
117135.0
117135.0
117135.0
117145.0
117145.0
117145.0
117155.0
117155.0
117155.0
117155.0
117165.0
117165.0
117165.0
117165.0
117165.0
117165.0
117165.0
117150.0
117150.0
117150.0
117150.0
117140.0
117140.0
117140.0
117180.0
117180.0
117180.0
117195.0
117195.0
117195.0
117185.0
117185.0
117190.0
117190.0
117190.0
117190.0
117190.0
117190.0
117190.0
117205.0
117205.0
117205.0
117205.0
117195.0
117195.0
117195.0
117240.0
117240.0
117215.0
117215.0
117215.0
117200.0
117200.0
117200.0
117200.0
117200.0
117200.0
117200.0
117200.0
117200.0
117200.0
117200.0
117210.0
117210.0
117200.0
117200.0
117200.0
117205.0
117205.0
117205.0
117205.0
117205.0
117205.0
117215.0
117215.0
117215.0
117215.0
117200.0
117200.0
117200.0
117205.0
117205.0
117205.0
117210.0
117210.0
117210.0
117210.0
117205.0
117205.0
117205.0
117220.0
117220.0
117220.0
117210.0
117210.0
117210.0
117210.0
117210.0
117210.0
117210.0
117215.0
117215.0
117220.0
117220.0
117220.0
117220.0
117245.0
117245.0
117245.0
117240.0
117240.0
117240.0
117240.0
117230.0
117230.0
117230.0
117230.0
117230.0
117230.0
117230.0
117230.0
117230.0
117225.0
117225.0
117225.0
117240.0
117240.0
117240.0
117240.0
117235.0
117235.0
117235.0
117235.0
117220.0
117220.0
117220.0
117225.0
117225.0
117225.0
117210.0
117210.0
117210.0
117210.0
117210.0
117210.0
117210.0
117235.0
117235.0
117210.0
117210.0
117210.0
117210.0
117210.0
117210.0
117210.0
117210.0
117195.0
117195.0
117195.0
117190.0
117190.0
117190.0
117190.0
117190.0
117190.0
117190.0
117160.0
117160.0
117160.0
117180.0
117180.0
117180.0
117180.0
117170.0
117170.0
117170.0
117170.0
117180.0
117180.0
117180.0
117180.0
117140.0
117140.0
117140.0
117150.0
117150.0
117150.0
117140.0
117140.0
117140.0
117140.0
117145.0
117145.0
117145.0
117145.0
117150.0
117150.0
117150.0
117150.0
117105.0
117105.0
117105.0
117105.0
117100.0
117100.0
117100.0
117120.0
117120.0
117120.0
117135.0
117135.0
117135.0
117135.0
117135.0
117135.0
117135.0
117145.0
117145.0
117145.0
117145.0
117145.0
117145.0
117150.0
117150.0
117150.0
117150.0
117145.0
117145.0
117145.0
117145.0
117145.0
117145.0
117145.0
117145.0
117145.0
117145.0
117145.0
117145.0
117145.0
117145.0
117150.0
117150.0
117135.0
117135.0
117135.0
117135.0
117135.0
117135.0
117135.0
117140.0
117140.0
117140.0
117140.0
117150.0
117150.0
117150.0
117150.0
117150.0
117150.0
117145.0
117145.0
117145.0
117145.0
117150.0
117150.0
117150.0
117150.0
117195.0
117195.0
117195.0
117195.0
117195.0
117195.0
117210.0
117210.0
117210.0
117215.0
117215.0
117215.0
117215.0
117215.0
117215.0
117215.0
117220.0
117220.0
117220.0
117220.0
117215.0
117215.0
117205.0
117205.0
117215.0
117215.0
117215.0
117220.0
117220.0
117215.0
117215.0
117210.0
117210.0
117210.0
117210.0
117210.0
117210.0
117210.0
117210.0
117210.0
117210.0
117240.0
117240.0
117240.0
117235.0
117235.0
117235.0
117235.0
117235.0
117240.0
117240.0
117240.0
117240.0
117240.0
117240.0
117240.0
117240.0
117240.0
117240.0
117235.0
117235.0
117235.0
117235.0
117235.0
117235.0
117230.0
117230.0
117225.0
117225.0
117225.0
117225.0
117225.0
117225.0
117215.0
117215.0
117215.0
117210.0
117210.0
117225.0
117225.0
117225.0
117225.0
117215.0
117215.0
117215.0
117215.0
117230.0
117230.0
117230.0
117230.0
117230.0
117230.0
117230.0
117215.0
117215.0
117215.0
117215.0
117215.0
117215.0
117215.0
117200.0
117200.0
117200.0
117200.0
117225.0
117225.0
117225.0
117220.0
117220.0
117220.0
117220.0
117215.0
117215.0
117215.0
117215.0
117230.0
117230.0
117230.0
117230.0
117225.0
117225.0
117225.0
117225.0
117225.0
117225.0
117225.0
117245.0
117245.0
117245.0
117245.0
117240.0
117240.0
117240.0
117245.0
117245.0
117245.0
117260.0
117260.0
117260.0
117260.0
117260.0
117260.0
117255.0
117255.0
117255.0
117255.0
117235.0
117235.0
117255.0
117255.0
117255.0
117250.0
117250.0
117250.0
117245.0
117245.0
117245.0
117250.0
117250.0
117250.0
117250.0
117250.0
117250.0
117280.0
117280.0
117280.0
117280.0
117275.0
117275.0
117275.0
117250.0
117250.0
117250.0
117260.0
117260.0
117265.0
117265.0
117265.0
117265.0
117275.0
117275.0
117265.0
117265.0
117265.0
117270.0
117270.0
117270.0
117260.0
117260.0
117260.0
117260.0
117275.0
117275.0
117275.0
117270.0
117270.0
117275.0
117275.0
117275.0
117275.0
117290.0
117290.0
117290.0
117290.0
117280.0
117280.0
117280.0
117290.0
117290.0
117290.0
117290.0
117285.0
117285.0
117285.0
117290.0
117290.0
117290.0
117290.0
117285.0
117285.0
117285.0
117255.0
117255.0
117255.0
117255.0
117275.0
117275.0
117275.0
117280.0
117280.0
117280.0
117300.0
117300.0
117300.0
117300.0
117275.0
117275.0
117275.0
117275.0
117265.0
117265.0
117265.0
117260.0
117260.0
117260.0
117260.0
117270.0
117270.0
117270.0
117260.0
117260.0
117260.0
117260.0
117260.0
117260.0
117260.0
117240.0
117240.0
117240.0
117255.0
117255.0
117255.0
117255.0
117275.0
117275.0
117275.0
117270.0
117270.0
117270.0
117270.0
117280.0
117280.0
117280.0
117280.0
117280.0
117280.0
117280.0
117280.0
117290.0
117290.0
117290.0
117270.0
117270.0
117270.0
117270.0
117265.0
117265.0
117265.0
117270.0
117270.0
117270.0
117265.0
117265.0
117265.0
117265.0
117260.0
117260.0
117260.0
117260.0
117260.0
117250.0
117250.0
117250.0
117250.0
117270.0
117270.0
117270.0
117270.0
117270.0
117270.0
117270.0
117270.0
117285.0
117285.0
117285.0
117285.0
117285.0
117285.0
117285.0
117275.0
117275.0
117275.0
117275.0
117275.0
117275.0
117275.0
117290.0
117290.0
117290.0
117290.0
117285.0
117285.0
117285.0
117285.0
117285.0
117285.0
117285.0
117285.0
117315.0
117315.0
117315.0
117305.0
117305.0
117305.0
117305.0
117300.0
117300.0
117300.0
117300.0
117310.0
117310.0
117310.0
117310.0
117310.0
117310.0
117310.0
117330.0
117330.0
117330.0
117325.0
117325.0
117340.0
117340.0
117340.0
117340.0
117345.0
117345.0
117345.0
117325.0
117325.0
117325.0
117325.0
117325.0
117325.0
117330.0
117330.0
117330.0
117325.0
117325.0
117325.0
117325.0
117335.0
117335.0
117335.0
117320.0
117320.0
117330.0
117330.0
117330.0
117330.0
117330.0
117330.0
117330.0
117330.0
117330.0
117330.0
117330.0
117330.0
117325.0
117325.0
117325.0
117325.0
117325.0
117325.0
117330.0
117330.0
117330.0
117330.0
117330.0
117330.0
117330.0
117330.0
117330.0
117325.0
117325.0
117325.0
117335.0
117335.0
117335.0
117325.0
117325.0
117325.0
117325.0
117325.0
117325.0
117320.0
117320.0
117320.0
117315.0
117315.0
117315.0
117315.0
117315.0
117315.0
117320.0
117320.0
117320.0
117320.0
117325.0
117325.0
117325.0
117335.0
117335.0
117335.0
117335.0
117325.0
117325.0
117325.0
117325.0
117325.0
117325.0
117325.0
117325.0
117325.0
117325.0
117325.0
117330.0
117330.0
117330.0
117330.0
117330.0
117330.0
117330.0
117325.0
117325.0
117325.0
117325.0
117335.0
117335.0
117335.0
117335.0
117335.0
117335.0
117335.0
117335.0
117335.0
117335.0
117330.0
117330.0
117330.0
117330.0
117325.0
117325.0
117340.0
117340.0
117340.0
117340.0
117325.0
117325.0
117325.0
117325.0
117325.0
117325.0
117320.0
117320.0
117320.0
117320.0
117335.0
117335.0
117335.0
117340.0
117340.0
117340.0
117340.0
117335.0
117335.0
117335.0
117330.0
117330.0
117330.0
117330.0
117335.0
117335.0
117335.0
117330.0
117330.0
117330.0
117330.0
117330.0
117330.0
117335.0
117335.0
117335.0
117335.0
117335.0
117335.0
117335.0
117335.0
117330.0
117330.0
117330.0
117335.0
117335.0
117335.0
117365.0
117365.0
117365.0
117365.0
117400.0
117400.0
117400.0
117415.0
117415.0
117415.0
117435.0
117435.0
117435.0
117435.0
117435.0
117435.0
117435.0
117440.0
117440.0
117440.0
117450.0
117450.0
117450.0
117460.0
117460.0
117460.0
117460.0
117450.0
117450.0
117440.0
117440.0
117440.0
117440.0
117440.0
117440.0
117440.0
117435.0
117435.0
117435.0
117435.0
117440.0
117440.0
117440.0
117440.0
117440.0
117440.0
117435.0
117435.0
117435.0
117430.0
117430.0
117430.0
117425.0
117425.0
117430.0
117430.0
117430.0
117430.0
117435.0
117435.0
117435.0
117435.0
117435.0
117435.0
117435.0
117435.0
117435.0
117435.0
117435.0
117435.0
117435.0
117435.0
117420.0
117420.0
117420.0
117410.0
117410.0
117410.0
117425.0
117425.0
117425.0
117425.0
117420.0
117420.0
117420.0
117425.0
117425.0
117425.0
117425.0
117425.0
117425.0
117425.0
117425.0
117425.0
117425.0
117445.0
117445.0
117445.0
117435.0
117435.0
117435.0
117455.0
117455.0
117455.0
117460.0
117460.0
117460.0
117460.0
117460.0
117460.0
117460.0
117460.0
117455.0
117455.0
117455.0
117425.0
117425.0
117425.0
117425.0
117435.0
117435.0
117435.0
117435.0
117435.0
117435.0
117430.0
117435.0
117435.0
117450.0
117450.0
117450.0
117450.0
117450.0
117450.0
117440.0
117440.0
117440.0
117440.0
117450.0
117450.0
117450.0
117450.0
117440.0
117440.0
117440.0
117440.0
117390.0
117390.0
117390.0
117390.0
117390.0
117390.0
117390.0
117390.0
117400.0
117400.0
117400.0
117400.0
117400.0
117400.0
117400.0
117400.0
117400.0
117400.0
117400.0
117395.0
117395.0
117395.0
117395.0
117390.0
117390.0
117390.0
117390.0
117395.0
117395.0
117395.0
117395.0
117390.0
117390.0
117390.0
117370.0
117370.0
117370.0
117365.0
117365.0
117365.0
117365.0
117350.0
117350.0
117350.0
117350.0
117355.0
117355.0
117355.0
117350.0
117350.0
117350.0
117350.0
117340.0
117340.0
117340.0
117350.0
117350.0
117350.0
117340.0
117340.0
117340.0
117360.0
117360.0
117360.0
117360.0
117360.0
117360.0
117360.0
117385.0
117385.0
117385.0
117385.0
117385.0
117410.0
117410.0
117390.0
117390.0
117390.0
117390.0
117395.0
117395.0
117395.0
117390.0
117390.0
117390.0
117390.0
117390.0
117390.0
117390.0
117390.0
117390.0
117395.0
117395.0
117380.0
117380.0
117375.0
117375.0
117375.0
117375.0
117360.0
117360.0
117365.0
117365.0
117365.0
117365.0
117360.0
117360.0
117360.0
117360.0
117355.0
117355.0
117355.0
117325.0
117325.0
117330.0
117330.0
117330.0
117330.0
117320.0
117320.0
117320.0
117320.0
117315.0
117315.0
117320.0
117320.0
117320.0
117320.0
117320.0
117300.0
117300.0
117310.0
117310.0
117310.0
117310.0
117310.0
117290.0
117290.0
117290.0
117290.0
117290.0
117290.0
117240.0
117240.0
117240.0
117250.0
117250.0
117245.0
117245.0
117240.0
117240.0
117195.0
117195.0
117195.0
117225.0
117225.0
117225.0
117225.0
117245.0
117245.0
117230.0
117230.0
117230.0
117250.0
117250.0
117245.0
117245.0
117245.0
117235.0
117235.0
117235.0
117250.0
117220.0
117220.0
117240.0
117240.0
117235.0
117235.0
117225.0
117225.0
117225.0
117235.0
117235.0
117190.0
117190.0
117190.0
117190.0
117190.0
117190.0
117190.0
117190.0
117190.0
117190.0
117190.0
117190.0
117190.0
117190.0
117195.0
117195.0
117195.0
117195.0
117205.0
117205.0
117205.0
117185.0
117185.0
117185.0
117185.0
117185.0
117190.0
117190.0
117190.0
117185.0
117185.0
117185.0
117190.0
117190.0
117190.0
117195.0
117195.0
117195.0
117195.0
117185.0
117185.0
117170.0
117185.0
117185.0
117185.0
117195.0
117195.0
117190.0
117190.0
117190.0
117185.0
117185.0
117185.0
117185.0
117190.0
117190.0
117190.0
117180.0
117180.0
117180.0
117180.0
117185.0
117185.0
117185.0
117185.0
117175.0
117175.0
117175.0
117160.0
117160.0
117160.0
117180.0
117180.0
117165.0
117165.0
117165.0
117180.0
117180.0
117180.0
117185.0
117185.0
117185.0
117185.0
117185.0
117185.0
117180.0
117180.0
117180.0
117180.0
117175.0
117175.0
117175.0
117185.0
117185.0
117185.0
117180.0
117180.0
117180.0
117185.0
117185.0
117190.0
117190.0
117185.0
117185.0
117185.0
117190.0
117190.0
117190.0
117190.0
117190.0
117190.0
117185.0
117200.0
117195.0
117195.0
117180.0
117160.0
117160.0
117160.0
117170.0
117170.0
117175.0
117175.0
117175.0
117180.0
117185.0
117185.0
117185.0
117190.0
117190.0
117190.0
117190.0
117190.0
117190.0
117175.0
117180.0
117180.0
117190.0
117190.0
117190.0
117190.0
117185.0
117185.0
117185.0
117185.0
117185.0
117185.0
117185.0
117190.0
117190.0
117185.0
117185.0
117185.0
117175.0
117175.0
117175.0
117185.0
117185.0
117185.0
117170.0
117170.0
117175.0
117175.0
117175.0
117175.0
117185.0
117185.0
117185.0
117180.0
117180.0
117170.0
117170.0
117170.0
117180.0
117185.0
117185.0
117185.0
117180.0
117180.0
117180.0
117180.0
117185.0
117185.0
117185.0
117180.0
117180.0
117180.0
117175.0
117180.0
117180.0
117180.0
117180.0
117180.0
117180.0
117185.0
117185.0
117185.0
117175.0
117175.0
117175.0
117175.0
117180.0
117180.0
117180.0
117155.0
117155.0
117155.0
117140.0
117140.0
117125.0
117125.0
117130.0
117130.0
117130.0
117140.0
117140.0
117140.0
117140.0
117140.0
117140.0
117135.0
117135.0
117135.0
117100.0
117100.0
117100.0
117100.0
117100.0
117080.0
117080.0
117075.0
117075.0
117000.0
117000.0
116995.0
116995.0
116995.0
117005.0
117005.0
117005.0
116975.0
116935.0
116935.0
116915.0
116915.0
116890.0
116890.0
116920.0
116920.0
116920.0
116920.0
116920.0
116920.0
116920.0
116950.0
116950.0
116950.0
116950.0
116930.0
116930.0
116990.0
116990.0
116990.0
116980.0
116980.0
116980.0
116975.0
116975.0
116975.0
116965.0
116965.0
116950.0
116950.0
116950.0
116950.0
116950.0
116950.0
116950.0
116950.0
116960.0
116960.0
116960.0
116955.0
116955.0
116960.0
116960.0
116960.0
116950.0
116950.0
116950.0
116950.0
116965.0
116965.0
116965.0
116965.0
116960.0
116960.0
116960.0
116960.0
116975.0
116975.0
116975.0
116975.0
116965.0
116965.0
116950.0
116950.0
116950.0
116950.0
116950.0
116955.0
116955.0
116955.0
116955.0
116960.0
116945.0
116945.0
116945.0
116945.0
116940.0
116940.0
116940.0
116940.0
116945.0
116945.0
116935.0
116935.0
117060.0
117040.0
117055.0
117055.0
117055.0
117010.0
117010.0
117010.0
117010.0
117005.0
116990.0
116990.0
116985.0
116985.0
116985.0
117015.0
117015.0
117010.0
117010.0
117050.0
117040.0
117040.0
117060.0
117060.0
117060.0
117055.0
117055.0
117055.0
117055.0
117095.0
117095.0
117060.0
117060.0
117060.0
117095.0
117095.0
117095.0
117145.0
117145.0
117150.0
117170.0
117185.0
117185.0
117180.0
117180.0
117155.0
117155.0
117160.0
117160.0
117155.0
117155.0
117155.0
117160.0
117160.0
117160.0
117150.0
117150.0
117140.0
117140.0
117145.0
117145.0
117145.0
117120.0
117120.0
117120.0
117125.0
117135.0
117145.0
117130.0
117130.0
117135.0
117120.0
117120.0
117125.0
117125.0
117115.0
117115.0
117115.0
117115.0
117115.0
117115.0
117115.0
117115.0
117115.0
117100.0
117100.0
117120.0
117155.0
117120.0
117120.0
117120.0
117120.0
117115.0
117115.0
117085.0
117085.0
117085.0
117095.0
117095.0
117095.0
117105.0
117110.0
117040.0
117025.0
117025.0
117025.0
117025.0
117025.0
117025.0
117025.0
117025.0
117010.0
117010.0
117045.0
117045.0
117025.0
117025.0
117045.0
117015.0
117015.0
116960.0
117005.0
117005.0
116955.0
116955.0
116955.0
116965.0
116950.0
116950.0
116950.0
116945.0
116945.0
116955.0
116955.0
116955.0
116945.0
116945.0
116915.0
116915.0
116915.0
116915.0
116915.0
116915.0
116915.0
116915.0
116855.0
116905.0
116905.0
116885.0
116885.0
116885.0
116890.0
116890.0
116890.0
116900.0
116900.0
116885.0
116890.0
116905.0
116890.0
116890.0
116890.0
116890.0
116885.0
116885.0
116885.0
116885.0
116870.0
116870.0
116845.0
116845.0
116845.0
116845.0
116810.0
116810.0
116805.0
116805.0
116815.0
116795.0
116795.0
116825.0
116825.0
116825.0
116875.0
116875.0
116885.0
116885.0
116890.0
116890.0
116890.0
116905.0
116905.0
116950.0
116940.0
116930.0
116930.0
116920.0
116920.0
116960.0
116960.0
116955.0
116970.0
116970.0
116970.0
116970.0
116965.0
116965.0
116960.0
116960.0
116960.0
116960.0
116970.0
116970.0
116980.0
116980.0
116980.0
116980.0
116980.0
116980.0
116980.0
116980.0
116980.0
116985.0
116985.0
116985.0
116980.0
116980.0
116980.0
116990.0
116990.0
116990.0
116990.0
116990.0
116990.0
117005.0
117005.0
117005.0
116980.0
116980.0
116980.0
116975.0
116975.0
116975.0
116975.0
116975.0
116975.0
116975.0
116975.0
116965.0
116965.0
116965.0
116970.0
116970.0
116970.0
116980.0
116980.0
116950.0
116950.0
116950.0
116940.0
116940.0
116940.0
116970.0
116970.0
116970.0
116975.0
116975.0
116985.0
116985.0
117000.0
117000.0
116985.0
116985.0
116985.0
116985.0
116975.0
116975.0
116985.0
116985.0
116985.0
116975.0
116975.0
116945.0
116945.0
116970.0
116970.0
116980.0
116980.0
116995.0
116995.0
116995.0
116980.0
116980.0
116980.0
117005.0
117005.0
116990.0
117005.0
117045.0
117045.0
117045.0
117050.0
117050.0
117030.0
117030.0
117030.0
117035.0
117035.0
117060.0
117060.0
117060.0
117060.0
117060.0
117050.0
117050.0
117055.0
117055.0
117055.0
117060.0
117060.0
117060.0
117055.0
117055.0
117070.0
117110.0
117075.0
117075.0
117080.0
117080.0
117080.0
117080.0
117090.0
117090.0
117090.0
117090.0
117090.0
117110.0
117110.0
117110.0
117100.0
117100.0
117100.0
117090.0
117090.0
117090.0
117090.0
117075.0
117075.0
117075.0
117075.0
117075.0
117075.0
117075.0
117075.0
117075.0
117085.0
117060.0
117060.0
117065.0
117065.0
117045.0
117045.0
117045.0
117050.0
117050.0
117045.0
117045.0
117050.0
117050.0
117050.0
117050.0
117050.0
117050.0
117055.0
117050.0
117050.0
117060.0
117060.0
117070.0
117070.0
117065.0
117080.0
117080.0
117080.0
117080.0
117090.0
117090.0
117080.0
117080.0
117080.0
117080.0
117080.0
117080.0
117080.0
117080.0
117080.0
117080.0
117075.0
117075.0
117080.0
117080.0
117080.0
117070.0
117070.0
117070.0
117070.0
117070.0
117075.0
117075.0
117075.0
117095.0
117095.0
117095.0
117075.0
117075.0
117075.0
117090.0
117090.0
117090.0
117090.0
117085.0
117085.0
117085.0
117105.0
117105.0
117105.0
117090.0
117090.0
117080.0
117080.0
117085.0
117085.0
117085.0
117075.0
117075.0
117095.0
117095.0
117095.0
117090.0
117105.0
117105.0
117105.0
117105.0
117105.0
117105.0
117125.0
117125.0
117125.0
117110.0
117110.0
117110.0
117115.0
117115.0
117095.0
117095.0
117095.0
117095.0
117080.0
117080.0
117080.0
117075.0
117075.0
117075.0
117075.0
117070.0
117070.0
117065.0
117065.0
117065.0
117065.0
117060.0
117060.0
117060.0
117065.0
117065.0
117055.0
117050.0
117040.0
117040.0
117040.0
117040.0
117040.0
117040.0
116995.0
116995.0
116990.0
116990.0
116930.0
116930.0
116930.0
116965.0
116965.0
116935.0
116935.0
116965.0
116965.0
116960.0
116970.0
116970.0
116990.0
116990.0
116990.0
117000.0
117000.0
117000.0
116975.0
116975.0
116975.0
116955.0
116955.0
116955.0
116940.0
116955.0
116955.0
116955.0
116955.0
116955.0
116955.0
116985.0
116985.0
116975.0
116975.0
116975.0
116965.0
116965.0
116965.0
116965.0
116970.0
116970.0
116970.0
116970.0
116980.0
116980.0
116980.0
116980.0
116980.0
116980.0
116945.0
116945.0
116965.0
116965.0
116965.0
116965.0
116940.0
116935.0
116940.0
116940.0
116940.0
116945.0
116945.0
116945.0
116950.0
116950.0
116955.0
116955.0
116955.0
116965.0
116965.0
116965.0
116960.0
116960.0
116950.0
116950.0
116920.0
116920.0
116920.0
116920.0
116925.0
116940.0
116940.0
116940.0
116930.0
116930.0
116930.0
116930.0
116930.0
116930.0
116920.0
116920.0
116925.0
116925.0
116925.0
116925.0
116925.0
116925.0
116920.0
116885.0
116885.0
116885.0
116905.0
116905.0
116905.0
116900.0
116900.0
116900.0
116890.0
116890.0
116870.0
116870.0
116835.0
116845.0
116845.0
116850.0
116850.0
116850.0
116855.0
116855.0
116855.0
116855.0
116855.0
116855.0
116910.0
116910.0
116910.0
116895.0
116900.0
116900.0
116900.0
116905.0
116905.0
116905.0
116905.0
116905.0
116910.0
116910.0
116910.0
116910.0
116910.0
116900.0
116900.0
116900.0
116900.0
116895.0
116895.0
116895.0
116895.0
116910.0
116910.0
116910.0
116910.0
116885.0
116875.0
116875.0
116875.0
116875.0
116890.0
116890.0
116890.0
116880.0
116880.0
116890.0
116890.0
116890.0
116905.0
116905.0
116905.0
116910.0
116910.0
116910.0
116925.0
116925.0
116930.0
116930.0
116930.0
116935.0
116935.0
116935.0
116935.0
116935.0
116935.0
116950.0
116950.0
116950.0
116955.0
116955.0
116955.0
116955.0
116955.0
116950.0
116950.0
116950.0
116950.0
116950.0
116950.0
116950.0
116950.0
116950.0
116950.0
116935.0
116935.0
116935.0
116940.0
116940.0
116940.0
116955.0
116955.0
116955.0
116950.0
116915.0
116915.0
116900.0
116900.0
116900.0
116900.0
116900.0
116905.0
116905.0
116905.0
116900.0
116900.0
116900.0
116920.0
116920.0
116920.0
116920.0
116925.0
116925.0
116925.0
116935.0
116935.0
116935.0
116945.0
116945.0
116945.0
116945.0
116920.0
116920.0
116935.0
116935.0
116935.0
116935.0
116935.0
116935.0
116935.0
116935.0
116935.0
116930.0
116930.0
116930.0
116930.0
116925.0
116925.0
116935.0
116935.0
116935.0
116935.0
116935.0
116935.0
116920.0
116930.0
116930.0
116930.0
116910.0
116910.0
116910.0
116910.0
116940.0
116940.0
116935.0
116935.0
116935.0
116940.0
116940.0
116945.0
116945.0
116940.0
116940.0
116940.0
116940.0
116975.0
116975.0
116975.0
117000.0
117000.0
116995.0
116995.0
116995.0
116990.0
116990.0
117000.0
117000.0
116990.0
116990.0
117000.0
117000.0
117000.0
117005.0
117005.0
117005.0
117025.0
117025.0
117025.0
117045.0
117045.0
117045.0
117030.0
117030.0
117030.0
117030.0
117030.0
117030.0
117035.0
117035.0
117035.0
117030.0
117030.0
117030.0
117030.0
117030.0
117030.0
117020.0
117020.0
117020.0
117035.0
117035.0
117035.0
117040.0
117040.0
117040.0
117040.0
117040.0
117040.0
117040.0
117045.0
117045.0
117050.0
117060.0
117060.0
117060.0
117075.0
117075.0
117075.0
117075.0
117080.0
117040.0
117040.0
117040.0
117045.0
117045.0
117045.0
117065.0
117065.0
117085.0
117085.0
117085.0
117085.0
117095.0
117095.0
117095.0
117105.0
117105.0
117105.0
117100.0
117100.0
117100.0
117105.0
117105.0
117110.0
117110.0
117110.0
117100.0
117100.0
117095.0
117095.0
117115.0
117115.0
117110.0
117110.0
117110.0
117105.0
117105.0
117105.0
117105.0
117105.0
117105.0
117105.0
117105.0
117105.0
117120.0
117120.0
117120.0
117120.0
117205.0
117230.0
117230.0
117210.0
117210.0
117210.0
117240.0
117240.0
117225.0
117230.0
117230.0
117230.0
117250.0
117250.0
117235.0
117235.0
117245.0
117245.0
117245.0
117265.0
117265.0
117265.0
117280.0
117280.0
117280.0
117260.0
117260.0
117250.0
117250.0
117250.0
117250.0
117225.0
117225.0
117225.0
117215.0
117215.0
117145.0
117145.0
117145.0
117125.0
117125.0
117155.0
117155.0
117155.0
117170.0
117170.0
117170.0
117175.0
117175.0
117175.0
117160.0
117160.0
117160.0
117135.0
117135.0
117135.0
117130.0
117130.0
117140.0
117140.0
117140.0
117130.0
117130.0
117130.0
117120.0
117120.0
117120.0
117140.0
117140.0
117140.0
117140.0
117165.0
117165.0
117165.0
117175.0
117175.0
117175.0
117175.0
117175.0
117175.0
117160.0
117160.0
117160.0
117170.0
117170.0
117170.0
117160.0
117160.0
117160.0
117160.0
117160.0
117160.0
117160.0
117150.0
117150.0
117150.0
117185.0
117185.0
117195.0
117195.0
117190.0
117190.0
117190.0
117185.0
117185.0
117200.0
117200.0
117200.0
117200.0
117215.0
117215.0
117215.0
117260.0
117260.0
117260.0
117280.0
117280.0
117280.0
117280.0
117280.0
117280.0
117280.0
117290.0
117290.0
117290.0
117325.0
117325.0
117325.0
117320.0
117320.0
117335.0
117335.0
117335.0
117335.0
117320.0
117320.0
117340.0
117340.0
117340.0
117340.0
117365.0
117365.0
117365.0
117335.0
117335.0
117335.0
117365.0
117350.0
117350.0
117360.0
117350.0
117350.0
117360.0
117360.0
117360.0
117365.0
117365.0
117355.0
117355.0
117355.0
117320.0
117320.0
117320.0
117320.0
117305.0
117310.0
117310.0
117310.0
117310.0
117310.0
117310.0
117310.0
117280.0
117280.0
117255.0
117255.0
117255.0
117260.0
117260.0
117260.0
117260.0
117260.0
117260.0
117260.0
117260.0
117260.0
117255.0
117255.0
117255.0
117215.0
117215.0
117220.0
117220.0
117220.0
117235.0
117245.0
117245.0
117245.0
117245.0
117240.0
117240.0
117240.0
117235.0
117235.0
117235.0
117235.0
117235.0
117235.0
117235.0
117235.0
117235.0
117250.0
117250.0
117250.0
117250.0
117235.0
117235.0
117235.0
117235.0
117235.0
117240.0
117240.0
117240.0
117215.0
117215.0
117215.0
117180.0
117180.0
117180.0
117185.0
117195.0
117195.0
117195.0
117195.0
117195.0
117200.0
117200.0
117170.0
117170.0
117170.0
117160.0
117160.0
117160.0
117160.0
117155.0
117155.0
117155.0
117175.0
117175.0
117175.0
117180.0
117180.0
117180.0
117250.0
117250.0
117250.0
117250.0
117250.0
117250.0
117250.0
117260.0
117260.0
117260.0
117260.0
117260.0
117260.0
117290.0
117290.0
117300.0
117300.0
117300.0
117290.0
117290.0
117290.0
117290.0
117280.0
117280.0
117280.0
117280.0
117285.0
117285.0
117285.0
117280.0
117280.0
117280.0
117280.0
117300.0
117300.0
117300.0
117305.0
117305.0
117305.0
117380.0
117380.0
117390.0
117390.0
117390.0
117400.0
117400.0
117415.0
117415.0
117445.0
117445.0
117445.0
117435.0
117435.0
117435.0
117450.0
117450.0
117450.0
117410.0
117410.0
117410.0
117410.0
117400.0
117400.0
117400.0
117400.0
117400.0
117395.0
117395.0
117425.0
117425.0
117440.0
117440.0
117440.0
117440.0
117440.0
117440.0
117440.0
117445.0
117445.0
117445.0
117420.0
117420.0
117420.0
117405.0
117405.0
117405.0
117400.0
117400.0
117445.0
117445.0
117445.0
117445.0
117485.0
117485.0
117485.0
117485.0
117485.0
117485.0
117485.0
117490.0
117490.0
117490.0
117510.0
117510.0
117510.0
117525.0
117525.0
117525.0
117540.0
117540.0
117540.0
117505.0
117505.0
117505.0
117505.0
117515.0
117515.0
117515.0
117475.0
117475.0
117475.0
117455.0
117455.0
117455.0
117455.0
117445.0
117445.0
117445.0
117420.0
117420.0
117420.0
117420.0
117365.0
117365.0
117365.0
117360.0
117360.0
117370.0
117370.0
117360.0
117360.0
117360.0
117375.0
117375.0
117375.0
117370.0
117370.0
117365.0
117365.0
117440.0
117445.0
117445.0
117445.0
117425.0
117425.0
117450.0
117450.0
117450.0
117435.0
117435.0
117435.0
117455.0
117455.0
117440.0
117440.0
117440.0
117440.0
117440.0
117440.0
117440.0
117435.0
117435.0
117435.0
117435.0
117435.0
117410.0
117410.0
117410.0
117380.0
117380.0
117380.0
117390.0
117390.0
117390.0
117405.0
117405.0
117405.0
117390.0
117390.0
117390.0
117580.0
117580.0
117590.0
117590.0
117575.0
117575.0
117575.0
117575.0
117530.0
117530.0
117530.0
117535.0
117535.0
117535.0
117535.0
117540.0
117540.0
117540.0
117555.0
117555.0
117555.0
117560.0
117560.0
117560.0
117580.0
117580.0
117580.0
117570.0
117570.0
117570.0
117570.0
117545.0
117545.0
117545.0
117540.0
117540.0
117540.0
117525.0
117525.0
117525.0
117525.0
117475.0
117475.0
117475.0
117450.0
117465.0
117465.0
117465.0
117465.0
117465.0
117465.0
117465.0
117465.0
117450.0
117450.0
117450.0
117440.0
117440.0
117440.0
117435.0
117435.0
117445.0
117440.0
117440.0
117440.0
117440.0
117440.0
117440.0
117450.0
117450.0
117450.0
117435.0
117435.0
117435.0
117445.0
117445.0
117445.0
117480.0
117480.0
117480.0
117470.0
117470.0
117470.0
117480.0
117480.0
117480.0
117470.0
117470.0
117470.0
117465.0
117465.0
117465.0
117465.0
117485.0
117485.0
117485.0
117495.0
117495.0
117495.0
117495.0
117495.0
117495.0
117495.0
117495.0
117500.0
117500.0
117500.0
117500.0
117500.0
117500.0
117500.0
117490.0
117490.0
117490.0
117490.0
117475.0
117475.0
117475.0
117470.0
117470.0
117470.0
117470.0
117475.0
117475.0
117465.0
117465.0
117465.0
117480.0
117480.0
117480.0
117505.0
117485.0
117485.0
117485.0
117500.0
117500.0
117500.0
117485.0
117485.0
117485.0
117485.0
117475.0
117475.0
117510.0
117510.0
117510.0
117530.0
117535.0
117480.0
117480.0
117470.0
117470.0
117470.0
117470.0
117475.0
117475.0
117480.0
117480.0
117480.0
117460.0
117460.0
117460.0
117465.0
117465.0
117465.0
117435.0
117435.0
117435.0
117455.0
117455.0
117430.0
117430.0
117430.0
117435.0
117435.0
117435.0
117450.0
117450.0
117450.0
117450.0
117450.0
117450.0
117450.0
117450.0
117450.0
117450.0
117445.0
117435.0
117435.0
117435.0
117415.0
117415.0
117415.0
117400.0
117400.0
117400.0
117355.0
117355.0
117355.0
117335.0
117335.0
117335.0
117360.0
117360.0
117360.0
117360.0
117360.0
117360.0
117355.0
117355.0
117340.0
117340.0
117340.0
117340.0
117330.0
117330.0
117345.0
117345.0
117345.0
117345.0
117340.0
117340.0
117340.0
117330.0
117330.0
117330.0
117330.0
117310.0
117310.0
117310.0
117310.0
117310.0
117310.0
117320.0
117320.0
117320.0
117335.0
117335.0
117335.0
117335.0
117330.0
117330.0
117330.0
117340.0
117340.0
117325.0
117325.0
117325.0
117325.0
117330.0
117330.0
117330.0
117320.0
117320.0
117325.0
117325.0
117325.0
117325.0
117325.0
117325.0
117325.0
117325.0
117325.0
117345.0
117335.0
117335.0
117315.0
117315.0
117315.0
117315.0
117315.0
117315.0
117305.0
117305.0
117305.0
117290.0
117290.0
117295.0
117295.0
117300.0
117300.0
117300.0
117285.0
117285.0
117285.0
117285.0
117290.0
117290.0
117290.0
117275.0
117275.0
117275.0
117275.0
117300.0
117300.0
117300.0
117275.0
117275.0
117275.0
117275.0
117255.0
117255.0
117275.0
117280.0
117280.0
117280.0
117280.0
117280.0
117280.0
117255.0
117265.0
117255.0
117255.0
117255.0
117255.0
117255.0
117255.0
117260.0
117275.0
117275.0
117275.0
117275.0
117275.0
117275.0
117275.0
117275.0
117270.0
117270.0
117270.0
117270.0
117270.0
117270.0
117255.0
117255.0
117255.0
117250.0
117250.0
117250.0
117250.0
117250.0
117250.0
117265.0
117250.0
117255.0
117255.0
117260.0
117260.0
117260.0
117255.0
117255.0
117270.0
117270.0
117280.0
117280.0
117280.0
117285.0
117285.0
117285.0
117285.0
117285.0
117285.0
117290.0
117290.0
117275.0
117275.0
117265.0
117265.0
117265.0
117265.0
117260.0
117260.0
117260.0
117260.0
117285.0
117285.0
117285.0
117330.0
117330.0
117330.0
117335.0
117335.0
117425.0
117425.0
117475.0
117475.0
117475.0
117490.0
117490.0
117490.0
117490.0
117465.0
117465.0
117465.0
117455.0
117455.0
117510.0
117510.0
117510.0
117510.0
117565.0
117565.0
117565.0
117520.0
117520.0
117530.0
117530.0
117515.0
117515.0
117500.0
117500.0
117500.0
117525.0
117525.0
117530.0
117530.0
117530.0
117510.0
117505.0
117505.0
117505.0
117550.0
117555.0
117555.0
117555.0
117600.0
117600.0
117600.0
117635.0
117655.0
117655.0
117655.0
117655.0
117655.0
117655.0
117670.0
117670.0
117670.0
117670.0
117645.0
117645.0
117645.0
117590.0
117590.0
117590.0
117625.0
117625.0
117625.0
117600.0
117600.0
117630.0
117630.0
117635.0
117635.0
117635.0
117635.0
117635.0
117635.0
117620.0
117620.0
117620.0
117660.0
117660.0
117660.0
117655.0
117655.0
117655.0
117680.0
117680.0
117660.0
117660.0
117665.0
117665.0
117655.0
117655.0
117650.0
117650.0
117635.0
117635.0
117645.0
117645.0
117645.0
117690.0
117690.0
117690.0
117690.0
117690.0
117690.0
117680.0
117680.0
117695.0
117695.0
117695.0
117695.0
117730.0
117730.0
117725.0
117725.0
117725.0
117725.0
117725.0
117725.0
117725.0
117725.0
117725.0
117720.0
117720.0
117720.0
117725.0
117725.0
117740.0
117740.0
117740.0
117740.0
117730.0
117730.0
117730.0
117745.0
117745.0
117745.0
117735.0
117735.0
117735.0
117710.0
117710.0
117710.0
117710.0
117710.0
117710.0
117700.0
117700.0
117665.0
117665.0
117665.0
117665.0
117665.0
117665.0
117680.0
117680.0
117680.0
117675.0
117675.0
117675.0
117670.0
117670.0
117670.0
117675.0
117675.0
117675.0
117680.0
117680.0
117680.0
117675.0
117735.0
117715.0
117695.0
117675.0
117675.0
117675.0
117670.0
117670.0
117670.0
117675.0
117675.0
117685.0
117685.0
117700.0
117700.0
117700.0
117730.0
117750.0
117750.0
117775.0
117775.0
117775.0
117790.0
117790.0
117765.0
117765.0
117765.0
117760.0
117770.0
117770.0
117770.0
117765.0
117765.0
117765.0
117770.0
117770.0
117770.0
117785.0
117785.0
117770.0
117770.0
117765.0
117765.0
117765.0
117765.0
117805.0
117805.0
117795.0
117795.0
117795.0
117795.0
117775.0
117775.0
117775.0
117785.0
117785.0
117785.0
117715.0
117715.0
117735.0
117735.0
117735.0
117735.0
117735.0
117755.0
117750.0
117750.0
117750.0
117750.0
117750.0
117750.0
117750.0
117750.0
117735.0
117740.0
117740.0
117740.0
117725.0
117725.0
117740.0
117740.0
117740.0
117740.0
117685.0
117685.0
117685.0
117675.0
117675.0
117675.0
117675.0
117675.0
117675.0
117675.0
117675.0
117665.0
117665.0
117665.0
117665.0
117665.0
117665.0
117660.0
117660.0
117660.0
117660.0
117645.0
117645.0
117625.0
117625.0
117640.0
117640.0
117645.0
117645.0
117640.0
117640.0
117640.0
117635.0
117635.0
117635.0
117635.0
117635.0
117635.0
117635.0
117635.0
117635.0
117635.0
117630.0
117630.0
117630.0
117630.0
117630.0
117620.0
117620.0
117650.0
117650.0
117640.0
117640.0
117640.0
117630.0
117630.0
117630.0
117635.0
117635.0
117635.0
117635.0
117635.0
117635.0
117635.0
117635.0
117635.0
117630.0
117630.0
117630.0
117625.0
117625.0
117625.0
117625.0
117625.0
117625.0
117630.0
117630.0
117630.0
117630.0
117630.0
117630.0
117625.0
117625.0
117625.0
117635.0
117635.0
117635.0
117635.0
117635.0
117635.0
117640.0
117640.0
117640.0
117630.0
117630.0
117630.0
117630.0
117640.0
117640.0
117640.0
117640.0
117640.0
117630.0
117630.0
117630.0
117635.0
117635.0
117635.0
117630.0
117630.0
117630.0
117635.0
117635.0
117635.0
117635.0
117635.0
117635.0
117635.0
117630.0
117630.0
117700.0
117700.0
117700.0
117700.0
117700.0
117700.0
117745.0
117710.0
117710.0
117710.0
117695.0
117695.0
117705.0
117705.0
117705.0
117700.0
117700.0
117695.0
117695.0
117695.0
117695.0
117660.0
117660.0
117640.0
117640.0
117645.0
117645.0
117655.0
117655.0
117665.0
117665.0
117665.0
117660.0
117660.0
117660.0
117660.0
117650.0
117650.0
117650.0
117650.0
117650.0
117650.0
117650.0
117650.0
117650.0
117655.0
117655.0
117655.0
117650.0
117650.0
117645.0
117645.0
117635.0
117635.0
117635.0
117635.0
117630.0
117630.0
117630.0
117635.0
117635.0
117635.0
117635.0
117625.0
117625.0
117625.0
117665.0
117665.0
117675.0
117675.0
117675.0
117675.0
117675.0
117675.0
117685.0
117685.0
117685.0
117660.0
117660.0
117635.0
117635.0
117635.0
117630.0
117630.0
117640.0
117640.0
117640.0
117620.0
117620.0
117650.0
117650.0
117650.0
117625.0
117625.0
117625.0
117635.0
117635.0
117635.0
117635.0
117635.0
117635.0
117635.0
117635.0
117635.0
117635.0
117650.0
117650.0
117650.0
117650.0
117665.0
117665.0
117665.0
117695.0
117695.0
117695.0
117695.0
117670.0
117670.0
117660.0
117640.0
117640.0
117640.0
117640.0
117630.0
117630.0
117630.0
117625.0
117625.0
117625.0
117625.0
117620.0
117640.0
117640.0
117615.0
117615.0
117615.0
117615.0
117615.0
117615.0
117600.0
117600.0
117600.0
117610.0
117610.0
117610.0
117605.0
117605.0
117590.0
117590.0
117590.0
117605.0
117605.0
117610.0
117610.0
117605.0
117605.0
117605.0
117580.0
117580.0
117580.0
117580.0
117580.0
117580.0
117580.0
117585.0
117585.0
117585.0
117585.0
117595.0
117595.0
117595.0
117610.0
117610.0
117610.0
117625.0
117625.0
117625.0
117625.0
117630.0
117630.0
117615.0
117615.0
117615.0
117625.0
117625.0
117625.0
117630.0
117630.0
117640.0
117635.0
117635.0
117625.0
117650.0
117650.0
117650.0
117650.0
117650.0
117650.0
117670.0
117670.0
117670.0
117670.0
117670.0
117670.0
117670.0
117660.0
117660.0
117660.0
117665.0
117665.0
117665.0
117685.0
117685.0
117685.0
117695.0
117695.0
117695.0
117715.0
117715.0
117715.0
117710.0
117710.0
117765.0
117765.0
117765.0
117820.0
117820.0
117825.0
117825.0
117830.0
117830.0
117845.0
117845.0
117840.0
117840.0
117840.0
117845.0
117870.0
117870.0
117850.0
117850.0
117850.0
117850.0
117820.0
117820.0
117820.0
117825.0
117825.0
117825.0
117775.0
117775.0
117815.0
117815.0
117815.0
117815.0
117815.0
117765.0
117765.0
117765.0
117785.0
117785.0
117785.0
117785.0
117815.0
117815.0
117815.0
117800.0
117800.0
117800.0
117785.0
117785.0
117785.0
117795.0
117795.0
117795.0
117790.0
117790.0
117790.0
117790.0
117790.0
117790.0
117770.0
117770.0
117770.0
117745.0
117775.0
117775.0
117775.0
117780.0
117780.0
117780.0
117790.0
117790.0
117780.0
117780.0
117780.0
117775.0
117775.0
117775.0
117795.0
117795.0
117795.0
117785.0
117785.0
117785.0
117785.0
117785.0
117785.0
117785.0
117785.0
117785.0
117785.0
117790.0
117790.0
117795.0
117795.0
117795.0
117795.0
117795.0
117795.0
117780.0
117780.0
117780.0
117790.0
117790.0
117790.0
117795.0
117795.0
117795.0
117795.0
117795.0
117795.0
117795.0
117795.0
117795.0
117795.0
117790.0
117790.0
117790.0
117800.0
117800.0
117800.0
117795.0
117795.0
117795.0
117795.0
117790.0
117790.0
117790.0
117790.0
117785.0
117785.0
117785.0
117790.0
117790.0
117790.0
117795.0
117795.0
117795.0
117770.0
117770.0
117770.0
117795.0
117790.0
117790.0
117790.0
117790.0
117790.0
117790.0
117795.0
117795.0
117795.0
117795.0
117795.0
117805.0
117805.0
117800.0
117800.0
117800.0
117800.0
117800.0
117775.0
117775.0
117775.0
117790.0
117790.0
117790.0
117790.0
117785.0
117785.0
117790.0
117790.0
117790.0
117795.0
117795.0
117795.0
117795.0
117795.0
117795.0
117790.0
117790.0
117790.0
117780.0
117780.0
117780.0
117790.0
117790.0
117790.0
117785.0
117785.0
117785.0
117800.0
117800.0
117800.0
117800.0
117800.0
117800.0
117800.0
117790.0
117790.0
117790.0
117800.0
117800.0
117800.0
117765.0
117765.0
117730.0
117730.0
117725.0
117725.0
117700.0
117700.0
117700.0
117700.0
117675.0
117675.0
117670.0
117670.0
117670.0
117670.0
117670.0
117670.0
117670.0
117705.0
117705.0
117705.0
117695.0
117695.0
117695.0
117715.0
117715.0
117715.0
117710.0
117710.0
117710.0
117710.0
117710.0
117735.0
117735.0
117735.0
117735.0
117755.0
117755.0
117730.0
117730.0
117730.0
117730.0
117730.0
117730.0
117730.0
117695.0
117695.0
117695.0
117710.0
117710.0
117705.0
117705.0
117705.0
117750.0
117750.0
117735.0
117735.0
117735.0
117735.0
117785.0
117785.0
117785.0
117750.0
117750.0
117750.0
117750.0
117765.0
117765.0
117760.0
117760.0
117760.0
117755.0
117755.0
117755.0
117780.0
117780.0
117780.0
117775.0
117775.0
117775.0
117775.0
117775.0
117780.0
117780.0
117795.0
117795.0
117825.0
117825.0
117780.0
117780.0
117780.0
117780.0
117780.0
117765.0
117765.0
117765.0
117765.0
117765.0
117765.0
117770.0
117770.0
117770.0
117770.0
117825.0
117825.0
117830.0
117830.0
117830.0
117840.0
117840.0
117835.0
117835.0
117835.0
117830.0
117830.0
117830.0
117830.0
117830.0
117830.0
117830.0
117830.0
117835.0
117835.0
117835.0
117835.0
117835.0
117830.0
117830.0
117830.0
117830.0
117830.0
117830.0
117830.0
117830.0
117835.0
117850.0
117850.0
117840.0
117840.0
117840.0
117840.0
117810.0
117810.0
117810.0
117795.0
117795.0
117790.0
117790.0
117790.0
117810.0
117810.0
117810.0
117815.0
117815.0
117815.0
117815.0
117815.0
117815.0
117815.0
117815.0
117815.0
117795.0
117795.0
117795.0
117790.0
117790.0
117790.0
117780.0
117780.0
117780.0
117780.0
117770.0
117770.0
117770.0
117770.0
117770.0
117770.0
117770.0
117785.0
117785.0
117785.0
117785.0
117785.0
117785.0
117785.0
117780.0
117780.0
117775.0
117705.0
117730.0
117730.0
117730.0
117695.0
117695.0
117605.0
117605.0
117620.0
117620.0
117620.0
117660.0
117660.0
117660.0
117690.0
117685.0
117685.0
117680.0
117680.0
117680.0
117685.0
117685.0
117685.0
117720.0
117705.0
117705.0
117695.0
117695.0
117695.0
117680.0
117680.0
117715.0
117715.0
117715.0
117710.0
117710.0
117710.0
117710.0
117710.0
117710.0
117705.0
117705.0
117705.0
117700.0
117700.0
117700.0
117685.0
117685.0
117685.0
117675.0
117675.0
117675.0
117675.0
117620.0
117620.0
117620.0
117625.0
117625.0
117625.0
117625.0
117635.0
117635.0
117635.0
117635.0
117625.0
117625.0
117625.0
117625.0
117615.0
117615.0
117595.0
117595.0
117595.0
117595.0
117610.0
117610.0
117610.0
117610.0
117625.0
117625.0
117610.0
117620.0
117630.0
117630.0
117630.0
117635.0
117635.0
117635.0
117610.0
117610.0
117610.0
117630.0
117630.0
117630.0
117630.0
117630.0
117610.0
117610.0
117610.0
117605.0
117605.0
117590.0
117590.0
117590.0
117615.0
117615.0
117605.0
117605.0
117605.0
117605.0
117600.0
117600.0
117600.0
117595.0
117595.0
117595.0
117615.0
117615.0
117615.0
117605.0
117605.0
117605.0
117585.0
117585.0
117580.0
117580.0
117580.0
117560.0
117560.0
117560.0
117560.0
117585.0
117585.0
117570.0
117570.0
117570.0
117590.0
117590.0
117590.0
117600.0
117600.0
117600.0
117625.0
117625.0
117645.0
117645.0
117610.0
117610.0
117610.0
117580.0
117580.0
117570.0
117570.0
117570.0
117570.0
117570.0
117550.0
117550.0
117565.0
117565.0
117595.0
117595.0
117595.0
117595.0
117595.0
117595.0
117595.0
117605.0
117605.0
117635.0
117635.0
117635.0
117750.0
117750.0
117705.0
117705.0
117705.0
117705.0
117725.0
117725.0
117725.0
117720.0
117720.0
117740.0
117740.0
117740.0
117810.0
117810.0
117765.0
117765.0
117765.0
117770.0
117770.0
117770.0
117765.0
117765.0
117765.0
117825.0
117825.0
117810.0
117810.0
117810.0
117785.0
117785.0
117785.0
117840.0
117840.0
117840.0
117885.0
117885.0
117885.0
117885.0
117835.0
117815.0
117815.0
117815.0
117815.0
117790.0
117790.0
117790.0
117815.0
117815.0
117815.0
117815.0
117810.0
117810.0
117810.0
117805.0
117805.0
117805.0
117790.0
117790.0
117790.0
117800.0
117800.0
117800.0
117810.0
117810.0
117830.0
117830.0
117845.0
117845.0
117845.0
117805.0
117805.0
117805.0
117825.0
117825.0
117825.0
117825.0
117825.0
117825.0
117825.0
117825.0
117825.0
117825.0
117835.0
117835.0
117835.0
117830.0
117830.0
117830.0
117840.0
117840.0
117840.0
117795.0
117795.0
117790.0
117790.0
117790.0
117790.0
117785.0
117785.0
117815.0
117815.0
117815.0
117815.0
117800.0
117800.0
117800.0
117800.0
117785.0
117785.0
117785.0
117795.0
117795.0
117795.0
117795.0
117815.0
117815.0
117815.0
117800.0
117800.0
117800.0
117805.0
117805.0
117820.0
117820.0
117820.0
117820.0
117830.0
117830.0
117830.0
117825.0
117825.0
117825.0
117820.0
117820.0
117820.0
117810.0
117810.0
117810.0
117830.0
117830.0
117830.0
117820.0
117820.0
117820.0
117820.0
117820.0
117800.0
117800.0
117800.0
117815.0
117815.0
117815.0
117795.0
117795.0
117800.0
117800.0
117800.0
117800.0
117800.0
117800.0
117805.0
117805.0
117805.0
117805.0
117805.0
117805.0
117800.0
117800.0
117800.0
117810.0
117810.0
117810.0
117830.0
117830.0
117830.0
117800.0
117800.0
117815.0
117815.0
117810.0
117810.0
117810.0
117810.0
117810.0
117815.0
117815.0
117815.0
117825.0
117825.0
117825.0
117825.0
117825.0
117780.0
117780.0
117780.0
117785.0
117785.0
117785.0
117775.0
117775.0
117775.0
117785.0
117785.0
117785.0
117780.0
117780.0
117780.0
117785.0
117785.0
117785.0
117775.0
117775.0
117775.0
117775.0
117775.0
117775.0
117775.0
117775.0
117775.0
117775.0
117865.0
117865.0
117855.0
117855.0
117855.0
117855.0
117840.0
117840.0
117855.0
117855.0
117855.0
117840.0
117840.0
117840.0
117830.0
117830.0
117795.0
117795.0
117795.0
117800.0
117800.0
117785.0
117785.0
117790.0
117790.0
117790.0
117800.0
117800.0
117800.0
117800.0
117795.0
117795.0
117795.0
117795.0
117785.0
117785.0
117785.0
117820.0
117820.0
117820.0
117820.0
117825.0
117825.0
117825.0
117815.0
117815.0
117825.0
117825.0
117825.0
117825.0
117820.0
117820.0
117820.0
117810.0
117810.0
117810.0
117810.0
117795.0
117795.0
117795.0
117795.0
117795.0
117795.0
117815.0
117815.0
117815.0
117760.0
117760.0
117760.0
117760.0
117765.0
117765.0
117765.0
117810.0
117810.0
117830.0
117830.0
117815.0
117815.0
117815.0
117800.0
117800.0
117800.0
117795.0
117795.0
117800.0
117800.0
117800.0
117805.0
117805.0
117800.0
117800.0
117795.0
117795.0
117795.0
117800.0
117800.0
117800.0
117800.0
117805.0
117805.0
117805.0
117800.0
117800.0
117795.0
117795.0
117795.0
117795.0
117795.0
117795.0
117795.0
117795.0
117795.0
117800.0
117800.0
117800.0
117800.0
117800.0
117800.0
117800.0
117790.0
117790.0
117790.0
117790.0
117805.0
117805.0
117805.0
117785.0
117785.0
117785.0
117785.0
117795.0
117795.0
117795.0
117785.0
117785.0
117785.0
117785.0
117790.0
117790.0
117790.0
117785.0
117785.0
117785.0
117785.0
117785.0
117785.0
117785.0
117780.0
117780.0
117780.0
117780.0
117780.0
117780.0
117785.0
117785.0
117785.0
117785.0
117785.0
117780.0
117780.0
117780.0
117790.0
117790.0
117790.0
117785.0
117785.0
117785.0
117795.0
117795.0
117795.0
117795.0
117795.0
117795.0
117790.0
117790.0
117790.0
117790.0
117840.0
117840.0
117830.0
117830.0
117850.0
117850.0
117850.0
117850.0
117840.0
117840.0
117840.0
117840.0
117865.0
117865.0
117865.0
117840.0
117840.0
117840.0
117840.0
117795.0
117795.0
117795.0
117795.0
117795.0
117795.0
117800.0
117800.0
117800.0
117790.0
117790.0
117790.0
117790.0
117790.0
117790.0
117790.0
117790.0
117790.0
117765.0
117765.0
117765.0
117765.0
117750.0
117750.0
117750.0
117750.0
117745.0
117745.0
117745.0
117745.0
117760.0
117760.0
117760.0
117765.0
117765.0
117765.0
117760.0
117760.0
117760.0
117760.0
117760.0
117760.0
117760.0
117760.0
117765.0
117765.0
117780.0
117780.0
117780.0
117780.0
117780.0
117780.0
117780.0
117775.0
117775.0
117775.0
117775.0
117770.0
117770.0
117770.0
117770.0
117760.0
117760.0
117760.0
117760.0
117770.0
117770.0
117770.0
117765.0
117765.0
117765.0
117765.0
117765.0
117765.0
117750.0
117750.0
117750.0
117730.0
117730.0
117725.0
117725.0
117725.0
117710.0
117710.0
117710.0
117710.0
117690.0
117690.0
117690.0
117685.0
117685.0
117685.0
117690.0
117690.0
117690.0
117690.0
117680.0
117680.0
117680.0
117690.0
117690.0
117690.0
117690.0
117690.0
117690.0
117690.0
117690.0
117680.0
117680.0
117680.0
117690.0
117690.0
117690.0
117690.0
117685.0
117685.0
117690.0
117690.0
117690.0
117695.0
117695.0
117695.0
117700.0
117700.0
117700.0
117700.0
117700.0
117710.0
117710.0
117700.0
117700.0
117700.0
117695.0
117695.0
117695.0
117695.0
117695.0
117695.0
117685.0
117685.0
117685.0
117685.0
117690.0
117690.0
117690.0
117680.0
117680.0
117680.0
117680.0
117700.0
117700.0
117700.0
117710.0
117710.0
117710.0
117700.0
117700.0
117700.0
117710.0
117710.0
117710.0
117710.0
117695.0
117695.0
117695.0
117695.0
117690.0
117690.0
117690.0
117680.0
117680.0
117680.0
117670.0
117670.0
117670.0
117665.0
117665.0
117665.0
117660.0
117660.0
117660.0
117660.0
117655.0
117655.0
117655.0
117655.0
117655.0
117655.0
117675.0
117675.0
117675.0
117670.0
117670.0
117670.0
117670.0
117665.0
117665.0
117655.0
117665.0
117665.0
117665.0
117660.0
117660.0
117660.0
117670.0
117670.0
117670.0
117675.0
117675.0
117675.0
117680.0
117680.0
117680.0
117680.0
117675.0
117675.0
117675.0
117675.0
117680.0
117680.0
117680.0
117685.0
117685.0
117670.0
117670.0
117670.0
117670.0
117670.0
117670.0
117670.0
117670.0
117670.0
117670.0
117670.0
117670.0
117670.0
117670.0
117675.0
117675.0
117675.0
117680.0
117680.0
117680.0
117680.0
117680.0
117680.0
117680.0
117690.0
117690.0
117690.0
117675.0
117675.0
117675.0
117690.0
117690.0
117690.0
117695.0
117695.0
117695.0
117695.0
117695.0
117695.0
117695.0
117695.0
117690.0
117690.0
117690.0
117695.0
117695.0
117695.0
117695.0
117720.0
117720.0
117720.0
117735.0
117735.0
117735.0
117750.0
117750.0
117750.0
117740.0
117740.0
117740.0
117740.0
117760.0
117760.0
117760.0
117780.0
117780.0
117780.0
117780.0
117765.0
117765.0
117765.0
117765.0
117775.0
117775.0
117775.0
117760.0
117760.0
117760.0
117760.0
117755.0
117755.0
117755.0
117755.0
117770.0
117770.0
117770.0
117770.0
117775.0
117775.0
117775.0
117765.0
117765.0
117765.0
117765.0
117760.0
117760.0
117760.0
117770.0
117770.0
117770.0
117795.0
117800.0
117800.0
117800.0
117830.0
117830.0
117820.0
117820.0
117820.0
117810.0
117810.0
117810.0
117810.0
117795.0
117795.0
117795.0
117780.0
117780.0
117780.0
117780.0
117810.0
117810.0
117810.0
117810.0
117840.0
117840.0
117840.0
117835.0
117835.0
117835.0
117835.0
117830.0
117830.0
117830.0
117820.0
117820.0
117820.0
117785.0
117785.0
117785.0
117785.0
117785.0
117785.0
117800.0
117800.0
117800.0
117800.0
117810.0
117810.0
117810.0
117815.0
117815.0
117815.0
117815.0
117810.0
117810.0
117810.0
117810.0
117820.0
117820.0
117820.0
117825.0
117825.0
117825.0
117825.0
117830.0
117830.0
117830.0
117830.0
117830.0
117820.0
117820.0
117820.0
117825.0
117825.0
117825.0
117815.0
117815.0
117815.0
117815.0
117815.0
117815.0
117830.0
117830.0
117830.0
117840.0
117840.0
117840.0
117840.0
117825.0
117825.0
117820.0
117820.0
117820.0
117815.0
117815.0
117790.0
117790.0
117790.0
117790.0
117795.0
117795.0
117795.0
117790.0
117790.0
117790.0
117790.0
117790.0
117790.0
117790.0
117790.0
117780.0
117780.0
117780.0
117780.0
117765.0
117765.0
117765.0
117765.0
117770.0
117770.0
117770.0
117770.0
117775.0
117775.0
117775.0
117770.0
117770.0
117770.0
117785.0
117785.0
117785.0
117790.0
117790.0
117790.0
117785.0
117785.0
117785.0
117780.0
117780.0
117780.0
117780.0
117785.0
117785.0
117785.0
117775.0
117775.0
117775.0
117775.0
117770.0
117770.0
117770.0
117770.0
117785.0
117785.0
117770.0
117770.0
117770.0
117770.0
117770.0
117770.0
117770.0
117780.0
117780.0
117780.0
117780.0
117780.0
117795.0
117795.0
117800.0
117800.0
117800.0
117800.0
117790.0
117790.0
117790.0
117790.0
117795.0
117795.0
117795.0
117830.0
117830.0
117830.0
117800.0
117800.0
117800.0
117780.0
117780.0
117780.0
117775.0
117775.0
117775.0
117775.0
117790.0
117790.0
117790.0
117790.0
117785.0
117785.0
117785.0
117785.0
117785.0
117785.0
117785.0
117780.0
117780.0
117780.0
117780.0
117785.0
117785.0
117785.0
117775.0
117775.0
117775.0
117765.0
117765.0
117765.0
117765.0
117765.0
117765.0
117765.0
117765.0
117765.0
117765.0
117770.0
117770.0
117770.0
117770.0
117765.0
117765.0
117765.0
117770.0
117770.0
117770.0
117790.0
117790.0
117790.0
117790.0
117785.0
117785.0
117785.0
117785.0
117785.0
117785.0
117785.0
117795.0
117795.0
117795.0
117790.0
117790.0
117790.0
117790.0
117790.0
117790.0
117790.0
117790.0
117790.0
117790.0
117790.0
117790.0
117790.0
117775.0
117775.0
117775.0
117770.0
117770.0
117770.0
117780.0
117780.0
117775.0
117775.0
117775.0
117775.0
117775.0
117775.0
117775.0
117775.0
117775.0
117775.0
117780.0
117780.0
117780.0
117790.0
117790.0
117790.0
117790.0
117795.0
117795.0
117800.0
117800.0
117800.0
117800.0
117830.0
117830.0
117830.0
117830.0
117815.0
117815.0
117815.0
117815.0
117815.0
117815.0
117815.0
117815.0
117815.0
117815.0
117810.0
117810.0
117810.0
117815.0
117815.0
117815.0
117805.0
117805.0
117805.0
117810.0
117810.0
117810.0
117805.0
117805.0
117805.0
117805.0
117800.0
117795.0
117795.0
117795.0
117795.0
117795.0
117795.0
117795.0
117770.0
117770.0
117770.0
117770.0
117770.0
117770.0
117770.0
117775.0
117775.0
117775.0
117775.0
117775.0
117775.0
117775.0
117790.0
117790.0
117790.0
117785.0
117785.0
117785.0
117800.0
117800.0
117800.0
117800.0
117795.0
117795.0
117795.0
117780.0
117780.0
117780.0
117780.0
117780.0
117780.0
117775.0
117775.0
117775.0
117785.0
117785.0
117785.0
117775.0
117775.0
117775.0
117780.0
117780.0
117780.0
117775.0
117775.0
117775.0
117760.0
117760.0
117780.0
117780.0
117780.0
117785.0
117785.0
117785.0
117785.0
117785.0
117785.0
117785.0
117780.0
117780.0
117780.0
117780.0
117785.0
117785.0
117805.0
117805.0
117805.0
117805.0
117830.0
117830.0
117835.0
117835.0
117835.0
117825.0
117825.0
117825.0
117830.0
117830.0
117830.0
117825.0
117825.0
117820.0
117820.0
117820.0
117820.0
117820.0
117820.0
117820.0
117820.0
117820.0
117810.0
117810.0
117810.0
117810.0
117810.0
117810.0
117810.0
117815.0
117815.0
117815.0
117815.0
117815.0
117815.0
117815.0
117820.0
117820.0
117820.0
117820.0
117815.0
117815.0
117820.0
117820.0
117820.0
117815.0
117815.0
117815.0
117815.0
117805.0
117805.0
117805.0
117805.0
117805.0
117805.0
117805.0
117800.0
117800.0
117800.0
117800.0
117800.0
117800.0
117800.0
117790.0
117790.0
117790.0
117790.0
117805.0
117805.0
117805.0
117800.0
117800.0
117810.0
117810.0
117820.0
117820.0
117820.0
117815.0
117815.0
117815.0
117815.0
117810.0
117810.0
117810.0
117810.0
117810.0
117825.0
117825.0
117825.0
117825.0
117820.0
117820.0
117820.0
117815.0
117815.0
117805.0
117805.0
117805.0
117805.0
117810.0
117810.0
117810.0
117810.0
117790.0
117790.0
117795.0
117795.0
117795.0
117795.0
117785.0
117785.0
117795.0
117795.0
117795.0
117795.0
117785.0
117785.0
117785.0
117795.0
117795.0
117795.0
117810.0
117810.0
117810.0
117810.0
117815.0
117815.0
117815.0
117815.0
117815.0
117820.0
117820.0
117820.0
117810.0
117810.0
117810.0
117810.0
117820.0
117820.0
117820.0
117820.0
117815.0
117815.0
117815.0
117805.0
117805.0
117805.0
117805.0
117785.0
117785.0
117785.0
117785.0
117790.0
117790.0
117790.0
117790.0
117790.0
117790.0
117790.0
117790.0
117790.0
117785.0
117800.0
117800.0
117800.0
117800.0
117800.0
117800.0
117795.0
117795.0
117795.0
117795.0
117795.0
117795.0
117795.0
117795.0
117795.0
117795.0
117795.0
117795.0
117790.0
117790.0
117790.0
117775.0
117775.0
117775.0
117775.0
117770.0
117770.0
117765.0
117765.0
117765.0
117785.0
117785.0
117785.0
117760.0
117760.0
117760.0
117760.0
117755.0
117755.0
117755.0
117755.0
117755.0
117760.0
117760.0
117760.0
117730.0
117730.0
117730.0
117730.0
117730.0
117730.0
117730.0
117730.0
117740.0
117740.0
117740.0
117725.0
117725.0
117730.0
117730.0
117730.0
117730.0
117740.0
117735.0
117735.0
117735.0
117735.0
117740.0
117740.0
117740.0
117740.0
117735.0
117735.0
117735.0
117750.0
117750.0
117750.0
117755.0
117755.0
117755.0
117755.0
117750.0
117750.0
117750.0
117745.0
117745.0
117755.0
117785.0
117785.0
117820.0
117820.0
117820.0
117820.0
117955.0
117955.0
117935.0
117935.0
117945.0
117945.0
117945.0
117945.0
117980.0
117980.0
117980.0
117975.0
117975.0
117975.0
117975.0
118000.0
118000.0
118000.0
118055.0
118055.0
118055.0
118050.0
118050.0
118050.0
118050.0
118070.0
118070.0
118070.0
118010.0
118010.0
118010.0
118010.0
118010.0
118010.0
118010.0
118010.0
117975.0
117975.0
117975.0
117975.0
118000.0
118000.0
118000.0
118000.0
118000.0
118000.0
118030.0
118030.0
118030.0
118030.0
118035.0
118035.0
118030.0
118030.0
118030.0
118040.0
118040.0
118035.0
118035.0
118035.0
118035.0
118015.0
118015.0
118015.0
118025.0
118025.0
118020.0
118020.0
118020.0
118030.0
118030.0
118030.0
118030.0
118015.0
118015.0
118015.0
118015.0
118015.0
118045.0
118045.0
118035.0
118080.0
118080.0
118080.0
118080.0
118080.0
118090.0
118090.0
118085.0
118085.0
118085.0
118085.0
118065.0
118065.0
118065.0
118055.0
118055.0
118050.0
118050.0
118050.0
118050.0
118075.0
118075.0
118075.0
118060.0
118060.0
118060.0
118060.0
118060.0
118060.0
118050.0
118050.0
118050.0
118040.0
118040.0
118040.0
118070.0
118070.0
118070.0
118070.0
118065.0
118085.0
118085.0
118085.0
118085.0
118080.0
118080.0
118080.0
118070.0
118070.0
118070.0
118070.0
118070.0
118070.0
118070.0
118070.0
118070.0
118065.0
118065.0
118065.0
118090.0
118090.0
118080.0
118080.0
118090.0
118090.0
118080.0
118080.0
118085.0
118085.0
118085.0
118085.0
118075.0
118075.0
118065.0
118065.0
118065.0
118070.0
118070.0
118070.0
118070.0
118080.0
118080.0
118080.0
118080.0
118125.0
118125.0
118125.0
118130.0
118130.0
118130.0
118125.0
118125.0
118125.0
118125.0
118125.0
118125.0
118145.0
118145.0
118145.0
118165.0
118165.0
118165.0
118165.0
118155.0
118155.0
118150.0
118150.0
118145.0
118145.0
118145.0
118140.0
118140.0
118140.0
118145.0
118145.0
118145.0
118145.0
118145.0
118145.0
118120.0
118120.0
118120.0
118120.0
118130.0
118130.0
118130.0
118115.0
118115.0
118115.0
118120.0
118120.0
118120.0
118150.0
118150.0
118150.0
118120.0
118120.0
118135.0
118135.0
118135.0
118130.0
118130.0
118130.0
118130.0
118130.0
118130.0
118125.0
118125.0
118125.0
118120.0
118120.0
118125.0
118125.0
118125.0
118125.0
118125.0
118125.0
118125.0
118120.0
118120.0
118120.0
118120.0
118120.0
118120.0
118120.0
118120.0
118120.0
118120.0
118120.0
118120.0
118120.0
118120.0
118120.0
118070.0
118070.0
118070.0
118075.0
118075.0
118075.0
118075.0
118085.0
118085.0
118080.0
118080.0
118080.0
118090.0
118090.0
118090.0
118090.0
118115.0
118115.0
118115.0
118115.0
118120.0
118120.0
118120.0
118120.0
118120.0
118120.0
118105.0
118105.0
118105.0
118105.0
118095.0
118095.0
118095.0
118095.0
118095.0
118095.0
118095.0
118085.0
118085.0
118085.0
118085.0
118085.0
118085.0
118115.0
118115.0
118090.0
118090.0
118085.0
118085.0
118085.0
118075.0
118075.0
118075.0
118075.0
118075.0
118070.0
118070.0
118070.0
118035.0
118035.0
118035.0
118045.0
118045.0
118045.0
118045.0
118045.0
118050.0
118050.0
118050.0
118045.0
118045.0
118045.0
118060.0
118060.0
118060.0
118070.0
118070.0
118100.0
118100.0
118100.0
118100.0
118130.0
118130.0
118155.0
118155.0
118190.0
118190.0
118190.0
118200.0
118200.0
118200.0
118160.0
118160.0
118160.0
118180.0
118180.0
118180.0
118170.0
118170.0
118170.0
118170.0
118150.0
118150.0
118150.0
118150.0
118150.0
118145.0
118145.0
118145.0
118145.0
118160.0
118160.0
118160.0
118185.0
118190.0
118190.0
118190.0
118190.0
118170.0
118170.0
118185.0
118185.0
118185.0
118185.0
118185.0
118185.0
118185.0
118175.0
118175.0
118165.0
118165.0
118165.0
118175.0
118175.0
118185.0
118185.0
118185.0
118185.0
118185.0
118185.0
118175.0
118175.0
118175.0
118175.0
118160.0
118160.0
118160.0
118160.0
118165.0
118165.0
118165.0
118165.0
118185.0
118185.0
118185.0
118175.0
118175.0
118175.0
118170.0
118170.0
118170.0
118165.0
118165.0
118165.0
118165.0
118145.0
118145.0
118145.0
118145.0
118145.0
118145.0
118145.0
118145.0
118155.0
118155.0
118155.0
118155.0
118130.0
118130.0
118130.0
118135.0
118135.0
118135.0
118120.0
118120.0
118120.0
118125.0
118125.0
118125.0
118130.0
118130.0
118130.0
118165.0
118165.0
118165.0
118165.0
118170.0
118170.0
118170.0
118175.0
118175.0
118175.0
118180.0
118180.0
118180.0
118180.0
118170.0
118170.0
118170.0
118170.0
118160.0
118160.0
118160.0
118160.0
118155.0
118155.0
118155.0
118160.0
118160.0
118160.0
118150.0
118150.0
118150.0
118155.0
118155.0
118155.0
118155.0
118155.0
118155.0
118155.0
118155.0
118130.0
118130.0
118130.0
118150.0
118150.0
118150.0
118175.0
118175.0
118175.0
118175.0
118170.0
118170.0
118170.0
118155.0
118155.0
118155.0
118155.0
118155.0
118155.0
118140.0
118140.0
118145.0
118145.0
118145.0
118195.0
118195.0
118195.0
118200.0
118200.0
118200.0
118190.0
118235.0
118235.0
118235.0
118240.0
118240.0
118240.0
118235.0
118235.0
118235.0
118235.0
118185.0
118185.0
118185.0
118185.0
118205.0
118205.0
118205.0
118210.0
118210.0
118215.0
118215.0
118215.0
118215.0
118185.0
118185.0
118185.0
118210.0
118210.0
118210.0
118200.0
118200.0
118200.0
118205.0
118205.0
118205.0
118205.0
118205.0
118205.0
118210.0
118210.0
118210.0
118210.0
118175.0
118175.0
118175.0
118185.0
118185.0
118185.0
118180.0
118180.0
118180.0
118180.0
118180.0
118180.0
118180.0
118185.0
118185.0
118175.0
118175.0
118175.0
118175.0
118175.0
118175.0
118175.0
118170.0
118170.0
118170.0
118170.0
118155.0
118155.0
118155.0
118150.0
118150.0
118150.0
118150.0
118150.0
118150.0
118160.0
118160.0
118160.0
118155.0
118155.0
118155.0
118155.0
118155.0
118150.0
118150.0
118150.0
118145.0
118145.0
118145.0
118145.0
118145.0
118145.0
118145.0
118155.0
118155.0
118155.0
118155.0
118155.0
118155.0
118155.0
118155.0
118155.0
118160.0
118160.0
118160.0
118170.0
118170.0
118170.0
118170.0
118175.0
118175.0
118175.0
118175.0
118185.0
118185.0
118185.0
118180.0
118180.0
118180.0
118145.0
118145.0
118145.0
118145.0
118145.0
118145.0
118145.0
118140.0
118140.0
118140.0
118140.0
118140.0
118140.0
118145.0
118145.0
118145.0
118145.0
118145.0
118145.0
118145.0
118140.0
118140.0
118140.0
118125.0
118125.0
118125.0
118130.0
118130.0
118130.0
118130.0
118135.0
118135.0
118135.0
118140.0
118140.0
118140.0
118135.0
118135.0
118135.0
118135.0
118125.0
118125.0
118125.0
118125.0
118120.0
118120.0
118120.0
118120.0
118115.0
118115.0
118115.0
118130.0
118130.0
118130.0
118130.0
118130.0
118130.0
118130.0
118090.0
118090.0
118090.0
118090.0
118100.0
118100.0
118090.0
118090.0
118090.0
118090.0
118100.0
118100.0
118100.0
118095.0
118095.0
118095.0
118095.0
118100.0
118100.0
118100.0
118100.0
118100.0
118100.0
118100.0
118100.0
118125.0
118125.0
118125.0
118110.0
118125.0
118125.0
118125.0
118125.0
118125.0
118125.0
118125.0
118125.0
118120.0
118120.0
118120.0
118130.0
118130.0
118130.0
118120.0
118110.0
118110.0
118110.0
118110.0
118110.0
118110.0
118110.0
118105.0
118105.0
118105.0
118110.0
118120.0
118120.0
118120.0
118115.0
118115.0
118115.0
118115.0
118115.0
118115.0
118115.0
118115.0
118115.0
118110.0
118110.0
118110.0
118105.0
118105.0
118105.0
118105.0
118105.0
118105.0
118105.0
118105.0
118105.0
118105.0
118105.0
118105.0
118105.0
118105.0
118105.0
118095.0
118095.0
118095.0
118095.0
118105.0
118105.0
118105.0
118105.0
118105.0
118105.0
118105.0
118100.0
118100.0
118100.0
118100.0
118095.0
118095.0
118095.0
118110.0
118110.0
118110.0
118090.0
118090.0
118090.0
118085.0
118085.0
118120.0
118120.0
118120.0
118120.0
118125.0
118130.0
118130.0
118130.0
118130.0
118120.0
118120.0
118120.0
118120.0
118120.0
118120.0
118120.0
118125.0
118125.0
118125.0
118120.0
118120.0
118120.0
118120.0
118120.0
118120.0
118120.0
118120.0
118120.0
118120.0
118120.0
118120.0
118120.0
118120.0
118135.0
118135.0
118135.0
118135.0
118130.0
118130.0
118130.0
118125.0
118125.0
118120.0
118120.0
118120.0
118110.0
118110.0
118110.0
118110.0
118100.0
118100.0
118100.0
118100.0
118100.0
118100.0
118115.0
118115.0
118105.0
118105.0
118105.0
118105.0
118105.0
118105.0
118105.0
118110.0
118110.0
118110.0
118115.0
118115.0
118115.0
118115.0
118110.0
118110.0
118110.0
118080.0
118080.0
118080.0
118060.0
118060.0
118060.0
118035.0
118035.0
118035.0
118080.0
118080.0
118060.0
118060.0
118060.0
118075.0
118075.0
118075.0
118075.0
118065.0
118065.0
118065.0
118065.0
118060.0
118060.0
118060.0
118065.0
118065.0
118065.0
118065.0
118065.0
118065.0
118065.0
118065.0
118055.0
118055.0
118055.0
118050.0
118050.0
118050.0
118050.0
118055.0
118055.0
118055.0
118065.0
118065.0
118065.0
118065.0
118055.0
118055.0
118050.0
118050.0
118050.0
118050.0
118055.0
118055.0
118055.0
118045.0
118045.0
118045.0
118060.0
118060.0
118055.0
118055.0
118060.0
118050.0
118050.0
118050.0
118055.0
118055.0
118055.0
118055.0
118080.0
118080.0
118080.0
118080.0
118070.0
118070.0
118070.0
118065.0
118065.0
118080.0
118090.0
118090.0
118095.0
118095.0
118095.0
118110.0
118110.0
118110.0
118110.0
118115.0
118115.0
118110.0
118110.0
118110.0
118135.0
118135.0
118135.0
118135.0
118175.0
118175.0
118175.0
118175.0
118170.0
118170.0
118170.0
118170.0
118165.0
118165.0
118165.0
118155.0
118140.0
118140.0
118140.0
118140.0
118140.0
118140.0
118135.0
118135.0
118135.0
118120.0
118120.0
118120.0
118100.0
118100.0
118100.0
118100.0
118100.0
118095.0
118095.0
118095.0
118085.0
118085.0
118085.0
118085.0
118085.0
118085.0
118085.0
118080.0
118080.0
118080.0
118065.0
118065.0
118065.0
118060.0
118060.0
118060.0
118060.0
118050.0
118050.0
118050.0
118055.0
118055.0
118055.0
118055.0
118050.0
118050.0
118050.0
118035.0
